omega	LN(320/Fsig)	unc omega	Unc LN(305)
3.316881188	4.196598072	0.366030476	0.02
3.114519672	4.437685798	0.322896644	0.02
3.093330142	4.464424743	0.318498197	0.02
2.890596223	4.684538576	0.277595146	0.02
2.872595551	4.679873578	0.274068914	0.02
2.603593507	4.999451892	0.223508502	0.02
2.598070033	5.008337303	0.222513214	0.02
2.593669898	5.013538961	0.221721602	0.02
2.589286234	5.022040189	0.220934065	0.02
2.584918951	4.978248257	0.220150575	0.02
2.580567956	5.039276986	0.219371105	0.02
2.57623316	5.029629989	0.218595626	0.02
2.570837307	5.039020937	0.217631848	0.02
2.567611804	5.030857102	0.217056533	0.02
2.562255861	5.032791588	0.216102557	0.02
2.471889384	5.140076425	0.200259478	0.02
2.465984986	5.128201322	0.199241019	0.02
2.459136149	5.142215216	0.198062234	0.02
2.300729363	5.319297294	0.171579312	0.02
2.296538261	5.333036941	0.170899147	0.02
2.29153166	5.32820636	0.170088032	0.02
2.284894456	5.339315202	0.169015093	0.02
2.279945023	5.328733597	0.168216734	0.02
2.27174968	5.363763778	0.166898076	0.02
2.266864422	5.350958313	0.166113967	0.02
2.262811525	5.368011441	0.16546456	0.02
2.258775026	5.372974915	0.164818776	0.02
2.255557568	5.363948835	0.164304738	0.02
2.18432648	5.448574985	0.153086744	0.02
2.180601562	5.442862876	0.152508684	0.02
2.17689115	5.428004402	0.151933724	0.02
2.173195164	5.439394145	0.151361843	0.02
2.169513523	5.442691863	0.150793018	0.02
2.165846145	5.453789623	0.150227226	0.02
2.162922459	5.456281337	0.149776763	0.02
2.160007811	5.44367479	0.149328218	0.02
2.157102159	5.443418467	0.148881578	0.02
2.153482686	5.480327669	0.148325942	0.02
2.091314504	5.543166166	0.138908759	0.02
2.087944291	5.54305015	0.138405084	0.02
2.084586638	5.555273549	0.137903986	0.02
2.081241476	5.56700957	0.137405449	0.02
2.077908741	5.571680715	0.136909455	0.02
2.074588364	5.56949854	0.136415986	0.02
2.071280281	5.572544743	0.135925025	0.02
2.067984427	5.570514973	0.135436555	0.02
2.064045452	5.579019923	0.134853656	0.02
2.061429145	5.582520727	0.134467022	0.02
2.00331636	5.63953042	0.125989021	0.02
2.000876333	5.634284206	0.125637651	0.02
1.997836101	5.643035997	0.125200371	0.02
1.99480671	5.641705325	0.124765223	0.02
1.992390965	5.655797171	0.124418631	0.02
1.989380949	5.649419554	0.123987287	0.02
1.986381619	5.649315234	0.123558037	0.02
1.983392923	5.656591521	0.123130867	0.02
1.981009587	5.661859675	0.12279062	0.02
1.978039897	5.676755562	0.12236716	0.02
1.975671696	5.675062425	0.122029864	0.02
1.498609198	6.175737061	0.061142653	0.02
1.49978187	6.183859286	0.061275714	0.02
1.500663067	6.182676771	0.061375752	0.02
1.501545718	6.177830185	0.061475997	0.02
1.502429827	6.178240088	0.061576451	0.02
1.503610912	6.177604667	0.061710715	0.02
1.504498434	6.167921057	0.061811657	0.02
1.505387423	6.173989438	0.06191281	0.02
1.506277884	6.174688853	0.062014174	0.02
1.507467459	6.165163693	0.062149655	0.02
1.523787021	6.140488727	0.064016226	0.02
1.524708084	6.117173532	0.064122016	0.02
1.525938563	6.114665544	0.06426342	0.02
1.526863223	6.104636382	0.064369736	0.02
1.528098511	6.111713335	0.064511842	0.02
1.52995662	6.123210467	0.064725758	0.02
1.53088801	6.130888379	0.064833058	0.02
1.532443801	6.1020746	0.065012401	0.02
1.537766161	6.107829408	0.065626968	0.02
1.539025866	6.108093203	0.065772659	0.02
1.557613862	6.118022642	0.067932972	0.02
1.558918382	6.119544877	0.068085327	0.02
1.559898715	6.10567248	0.068199885	0.02
1.561864396	6.103312142	0.068429754	0.02
1.56284975	6.103245883	0.068545067	0.02
1.564495746	6.108334953	0.068737816	0.02
1.565815917	6.103024992	0.068892524	0.02
1.567470364	6.100924081	0.069086548	0.02
1.569129529	6.097264607	0.069281284	0.02
1.570460272	6.088695804	0.069437588	0.02
1.594595586	6.075794145	0.072290333	0.02
1.596332731	6.071061055	0.072496975	0.02
1.597377433	6.064952384	0.072621334	0.02
1.598773195	6.065044176	0.072787581	0.02
1.599822141	6.062240736	0.072912596	0.02
1.601223576	6.053156174	0.073079721	0.02
1.602276789	6.055753578	0.073205396	0.02
1.60368393	6.040960616	0.073373406	0.02
1.605094343	6.051296746	0.073541924	0.02
1.606508041	6.041501112	0.073710952	0.02